P1, 7, 3, 1, 10, 9
P2, 4, 2, 8, 4, 6, 5, 1, 7, 4, 2, 1
P3, 9, 6, 4, 15, 7, 6, 3
P4, 8, 4, 10, 3, 9
P5, 6, 6, 7, 7, 9
P6, 13, 12, 11, 11, 12, 12, 13, 12, 13, 14, 11
P7, 15, 2, 4, 7, 8
P8, 7, 3, 1, 10, 9
P9, 4, 2, 8, 4, 6, 5, 1, 7, 4, 2, 8
P10, 9, 6, 4, 15, 7, 6, 9
P11, 8, 4, 10, 3, 9
P12, 6, 6, 7, 7, 9
P13, 13, 12, 11, 11, 12, 12, 13, 12, 13, 14, 11
P14, 15, 2, 4, 7, 9
P15, 7, 3, 1, 10, 9
P16, 4, 2, 8, 4, 6, 5, 1, 7, 4, 2, 1
P17, 9, 6, 4, 15, 7, 6, 9
P18, 8, 4, 10, 3, 9
P19, 6, 6, 7, 7, 9
P20, 13, 12, 11, 11, 12, 12, 13, 12, 13, 14, 11
P21, 15, 2, 4, 7, 9