P1, 4, 4, 5, 9, 5, 3, 5
P2, 3, 1, 3, 10, 8, 6, 2
P3, 6, 2, 1, 18, 9
P4, 5, 2, 7, 2, 7
P5, 3, 3, 4, 4, 6
P6, 10, 9, 8, 8, 9, 9, 10, 9, 10, 11, 8
P7, 12, 1, 3, 6, 8
P8, 4, 4, 5, 9, 5, 3, 5
P9, 3, 1, 3, 10, 8, 6, 2
P10, 6, 2, 1, 18, 9
P11, 5, 2, 7, 2, 7
P12, 3, 3, 4, 4, 6
P13, 10, 9, 8, 8, 9, 9, 10, 9, 10, 11, 8
P14, 12, 1, 3, 6, 9
P15, 4, 4, 5, 9, 5, 3, 5
P16, 3, 1, 3, 10, 8, 6, 2
P17, 6, 2, 1, 18, 9
P18, 5, 2, 7, 2, 7
P19, 3, 3, 4, 4, 6
P20, 10, 9, 8, 8, 9, 9, 10, 9, 10, 11, 8
P21, 12, 1, 3, 6, 7